%%MatrixMarket matrix coordinate real general
16863 16863 116690
1 1 -18.579999999999998
1 5 -3.8054999999999999
1 6 0.59089999999999998
1 7 -2.0171000000000001
1 8 -2.1597000000000000
1 9 -7.7600000000000002E-002
1 10 -1.0000000000000000E-002
1 11 -1.3599999999999999E-002
1 12 -4.3299999999999998E-002
1 25 -6.1899999999999997E-002
1 26 2.6200000000000001E-002
1 27 -1.7200000000000000E-002
1 28 -1.9699999999999999E-002
1 617 -7.2755999999999998
1 618 -7.2765000000000004
1 619 -6.9800000000000001E-002
2 2 -7.0899999999999999
2 5 -0.44960000000000000
2 6 -1.6560999999999999
2 7 -0.75549999999999995
2 8 -0.80889999999999995
2 9 7.6000000000000000E-003
2 10 -2.1499999999999998E-002
2 11 4.8999999999999998E-003
2 12 1.5500000000000000E-002
2 25 -1.9900000000000001E-002
2 26 1.0699999999999999E-002
2 27 -2.0100000000000000E-002
2 28 -2.3099999999999999E-002
2 617 6.0445000000000002
2 618 -2.2170000000000001
2 619 8.0000000000000004E-004
3 3 -7.0899999999999999
3 5 1.5347000000000000
3 6 -0.75549999999999995
3 7 0.70179999999999998
3 8 2.7614999999999998
3 9 1.0300000000000000E-002
3 10 4.8999999999999998E-003
3 11 -1.8499999999999999E-002
3 12 2.0899999999999998E-002
3 25 1.3100000000000001E-002
3 26 -2.0100000000000000E-002
3 27 -6.7000000000000002E-003
3 28 1.5200000000000000E-002
3 617 -0.41330000000000000
3 618 -5.4524999999999997
3 619 5.5300000000000002E-002
4 4 -7.0899999999999999
4 5 1.6432000000000000
4 6 -0.80889999999999995
4 7 2.7614999999999998
4 8 1.0793999999999999
4 9 3.2899999999999999E-002
4 10 1.5500000000000000E-002
4 11 2.0899999999999998E-002
4 12 4.1700000000000001E-002
4 25 1.4999999999999999E-002
4 26 -2.3099999999999999E-002
4 27 1.5200000000000000E-002
4 28 -2.5999999999999999E-003
4 617 -0.80269999999999997
4 618 1.6476999999999999
4 619 1.9300000000000001E-002
5 1 -3.8054999999999999
5 2 -0.44960000000000000
5 3 1.5347000000000000
5 4 1.6432000000000000
5 5 -13.750000000000000
5 9 -3.8573000000000000
5 10 -2.4735999999999998
5 11 0.77490000000000003
5 12 -3.7850000000000001
5 13 -8.8700000000000001E-002
5 14 -7.5100000000000000E-002
5 15 -2.9999999999999997E-004
5 16 -3.2300000000000002E-002
5 25 -3.9253999999999998
5 26 4.5791000000000004
5 27 -0.55320000000000003
5 28 -0.86050000000000004
5 29 -4.1399999999999999E-002
5 30 2.3900000000000001E-002
5 31 -1.5599999999999999E-002
5 32 -1.6999999999999999E-003
5 33 -0.10470000000000000
5 34 4.2999999999999997E-002
5 35 1.7200000000000000E-002
5 36 -1.1800000000000000E-002
5 617 -0.20039999999999999
5 618 -0.20140000000000000
5 619 -6.2363999999999997
5 620 -5.7299999999999997E-002
5 621 -5.9400000000000001E-002
6 1 0.59089999999999998
6 2 -1.6560999999999999
6 3 -0.75549999999999995
6 4 -0.80889999999999995
6 6 -5.2800000000000002
6 9 2.4735999999999998
6 10 0.39539999999999997
6 11 -0.68389999999999995
6 12 3.3405999999999998
6 13 7.5100000000000000E-002
6 14 7.1199999999999999E-002
6 15 4.0000000000000002E-004
6 16 4.2700000000000002E-002
6 25 -4.5791000000000004
6 26 5.5002000000000004
6 27 -0.88590000000000002
6 28 -1.3781000000000001
6 29 -3.9199999999999999E-002
6 30 1.0300000000000000E-002
6 31 -1.9400000000000001E-002
6 32 -2.0999999999999999E-003
6 33 -5.6500000000000002E-002
6 34 5.0400000000000000E-002
6 35 3.3700000000000001E-002
6 36 -2.3099999999999999E-002
6 617 7.9100000000000004E-002
6 618 -4.8999999999999998E-003
6 619 1.1548000000000000
6 620 1.1800000000000000E-002
6 621 8.5000000000000006E-003
7 1 -2.0171000000000001
7 2 -0.75549999999999995
7 3 0.70179999999999998
7 4 2.7614999999999998
7 7 -5.2800000000000002
7 9 -0.77490000000000003
7 10 -0.68389999999999995
7 11 -1.5736000000000001
7 12 -1.0465000000000000
7 13 2.9999999999999997E-004
7 14 4.0000000000000002E-004
7 15 -2.8000000000000001E-002
7 16 2.0000000000000001E-004
7 25 0.55320000000000003
7 26 -0.88590000000000002
7 27 -1.7262000000000000
7 28 0.16650000000000001
7 29 2.5499999999999998E-002
7 30 -1.9400000000000001E-002
7 31 -6.7999999999999996E-003
7 32 1.4000000000000000E-003
7 33 -2.2599999999999999E-002
7 34 3.3700000000000001E-002
7 35 -2.0500000000000001E-002
7 36 -9.1999999999999998E-003
7 617 -6.4500000000000002E-002
7 618 -0.11630000000000000
7 619 3.4499000000000000
7 620 -2.1299999999999999E-002
7 621 6.7000000000000002E-003
8 1 -2.1597000000000000
8 2 -0.80889999999999995
8 3 2.7614999999999998
8 4 1.0793999999999999
8 8 -5.2800000000000002
8 9 3.7850000000000001
8 10 3.3405999999999998
8 11 -1.0465000000000000
8 12 3.3237000000000001
8 13 3.2300000000000002E-002
8 14 4.2700000000000002E-002
8 15 2.0000000000000001E-004
8 16 -9.5999999999999992E-003
8 25 0.86050000000000004
8 26 -1.3781000000000001
8 27 0.16650000000000001
8 28 -1.5742000000000000
8 29 2.8000000000000000E-003
8 30 -2.0999999999999999E-003
8 31 1.4000000000000000E-003
8 32 -1.9300000000000001E-002
8 33 1.5500000000000000E-002
8 34 -2.3099999999999999E-002
8 35 -9.1999999999999998E-003
8 36 -2.7600000000000000E-002
8 617 -7.2700000000000001E-002
8 618 -4.8000000000000001E-002
8 619 -1.3989000000000000
8 620 2.6200000000000001E-002
8 621 3.5499999999999997E-002
9 1 -7.7600000000000002E-002
9 2 7.6000000000000000E-003
9 3 1.0300000000000000E-002
9 4 3.2899999999999999E-002
9 5 -3.8573000000000000
9 6 2.4735999999999998
9 7 -0.77490000000000003
9 8 3.7850000000000001
9 9 -13.750000000000000
9 13 -3.9590000000000001
9 14 -4.5860000000000003
9 15 -0.84230000000000005
9 16 0.87350000000000005
9 17 -2.4000000000000000E-002
9 18 -1.2699999999999999E-002
9 19 -4.8999999999999998E-003
9 20 9.4999999999999998E-003
9 21 -0.13139999999999999
9 22 -5.7900000000000000E-002
9 23 2.0000000000000001E-004
9 24 -1.5900000000000001E-002
9 25 -3.4700000000000002E-002
9 26 2.8799999999999999E-002
9 27 -5.4999999999999997E-003
9 28 1.2300000000000000E-002
9 619 -0.10220000000000000
9 620 -6.2366000000000001
9 621 -6.2398999999999996
10 1 -1.0000000000000000E-002
10 2 -2.1499999999999998E-002
10 3 4.8999999999999998E-003
10 4 1.5500000000000000E-002
10 5 -2.4735999999999998
10 6 0.39539999999999997
10 7 -0.68389999999999995
10 8 3.3405999999999998
10 10 -5.2800000000000002
10 13 4.5860000000000003
10 14 5.4282000000000004
10 15 1.3379000000000001
10 16 -1.3874000000000000
10 17 2.0799999999999999E-002
10 18 3.2000000000000002E-003
10 19 5.4999999999999997E-003
10 20 -1.0800000000000001E-002
10 21 7.6100000000000001E-002
10 22 7.9200000000000007E-002
10 23 -5.0000000000000001E-004
10 24 3.3399999999999999E-002
10 25 -2.8799999999999999E-002
10 26 2.6599999999999999E-002
10 27 -7.1000000000000004E-003
10 28 1.6000000000000000E-002
10 619 -1.5500000000000000E-002
10 620 -0.44810000000000000
10 621 -1.2252000000000001
11 1 -1.3599999999999999E-002
11 2 4.8999999999999998E-003
11 3 -1.8499999999999999E-002
11 4 2.0899999999999998E-002
11 5 0.77490000000000003
11 6 -0.68389999999999995
11 7 -1.5736000000000001
11 8 -1.0465000000000000
11 11 -5.2800000000000002
11 13 0.84230000000000005
11 14 1.3379000000000001
11 15 -1.6100000000000001
11 16 -0.25480000000000003
11 17 8.0000000000000002E-003
11 18 5.4999999999999997E-003
11 19 -9.1999999999999998E-003
11 20 -4.1000000000000003E-003
11 21 -2.9999999999999997E-004
11 22 -5.0000000000000001E-004
11 23 -4.2700000000000002E-002
11 24 -1.0000000000000000E-004
11 25 5.4999999999999997E-003
11 26 -7.1000000000000004E-003
11 27 -9.4999999999999998E-003
11 28 -3.0000000000000001E-003
11 619 3.6499999999999998E-002
11 620 -3.7124000000000001
11 621 2.3702999999999999
12 1 -4.3299999999999998E-002
12 2 1.5500000000000000E-002
12 3 2.0899999999999998E-002
12 4 4.1700000000000001E-002
12 5 -3.7850000000000001
12 6 3.3405999999999998
12 7 -1.0465000000000000
12 8 3.3237000000000001
12 12 -5.2800000000000002
12 13 -0.87350000000000005
12 14 -1.3874000000000000
12 15 -0.25480000000000003
12 16 -1.5913999999999999
12 17 -1.5599999999999999E-002
12 18 -1.0800000000000001E-002
12 19 -4.1000000000000003E-003
12 20 -3.2000000000000002E-003
12 21 2.0899999999999998E-002
12 22 3.3399999999999999E-002
12 23 -1.0000000000000000E-004
12 24 -3.3599999999999998E-002
12 25 -1.2300000000000000E-002
12 26 1.6000000000000000E-002
12 27 -3.0000000000000001E-003
12 28 -4.0000000000000001E-003
12 619 -5.0099999999999999E-002
12 620 1.1002000000000001
12 621 2.8443000000000001
13 5 -8.8700000000000001E-002
13 6 7.5100000000000000E-002
13 7 2.9999999999999997E-004
13 8 3.2300000000000002E-002
13 9 -3.9590000000000001
13 10 4.5860000000000003
13 11 0.84230000000000005
13 12 -0.87350000000000005
13 13 -13.750000000000000
13 17 -5.9675000000000002
13 18 -1.2113000000000000
13 19 -1.4469000000000001
13 20 3.6676000000000002
13 21 -4.7723000000000004
13 22 -2.0794999999999999
13 23 0.64700000000000002
13 24 -2.1488000000000000
13 620 -7.5800000000000006E-002
13 621 -7.8200000000000006E-002
13 622 -0.33250000000000002
13 623 -0.33350000000000002
14 5 -7.5100000000000000E-002
14 6 7.1199999999999999E-002
14 7 4.0000000000000002E-004
14 8 4.2700000000000002E-002
14 9 -4.5860000000000003
14 10 5.4282000000000004
14 11 1.3379000000000001
14 12 -1.3874000000000000
14 14 -5.2800000000000002
14 17 1.9844999999999999
14 18 -2.2784000000000000
14 19 0.63290000000000002
14 20 -1.6042000000000001
14 21 2.7330999999999999
14 22 1.0768000000000000
14 23 -1.1389000000000000
14 24 3.7827000000000002
14 620 -3.5400000000000001E-002
14 621 -4.1500000000000002E-002
14 622 6.3399999999999998E-002
14 623 0.19289999999999999
15 5 -2.9999999999999997E-004
15 6 4.0000000000000002E-004
15 7 -2.8000000000000001E-002
15 8 2.0000000000000001E-004
15 9 -0.84230000000000005
15 10 1.3379000000000001
15 11 -1.6100000000000001
15 12 -0.25480000000000003
15 15 -5.2800000000000002
15 17 2.3704000000000001
15 18 0.63290000000000002
15 19 -2.0522999999999998
15 20 -1.9161999999999999
15 21 -0.85029999999999994
15 22 -1.1389000000000000
15 23 -2.2294999999999998
15 24 -1.1768000000000001
15 620 -2.8700000000000000E-002
15 621 8.6999999999999994E-003
15 622 -6.4699999999999994E-002
15 623 -1.4900000000000000E-002
16 5 -3.2300000000000002E-002
16 6 4.2700000000000002E-002
16 7 2.0000000000000001E-004
16 8 -9.5999999999999992E-003
16 9 0.87350000000000005
16 10 -1.3874000000000000
16 11 -0.25480000000000003
16 12 -1.5913999999999999
16 16 -5.2800000000000002
16 17 -6.0087000000000002
16 18 -1.6042000000000001
16 19 -1.9161999999999999
16 20 2.0489999999999999
16 21 2.8241999999999998
16 22 3.7827000000000002
16 23 -1.1768000000000001
16 24 1.3249000000000000
16 620 1.2900000000000000E-002
16 621 2.4299999999999999E-002
16 622 0.18700000000000000
16 623 7.7499999999999999E-002
17 9 -2.4000000000000000E-002
17 10 2.0799999999999999E-002
17 11 8.0000000000000002E-003
17 12 -1.5599999999999999E-002
17 13 -5.9675000000000002
17 14 1.9844999999999999
17 15 2.3704000000000001
17 16 -6.0087000000000002
17 17 -23.960000000000001
17 21 -0.23080000000000001
17 22 -8.1299999999999997E-002
17 23 0.10690000000000000
17 24 -0.30409999999999998
18 9 -1.2699999999999999E-002
18 10 3.2000000000000002E-003
18 11 5.4999999999999997E-003
18 12 -1.0800000000000001E-002
18 13 -1.2113000000000000
18 14 -2.2784000000000000
18 15 0.63290000000000002
18 16 -1.6042000000000001
18 18 -9.0199999999999996
18 21 6.9000000000000006E-002
18 22 -0.10910000000000000
18 23 -3.4099999999999998E-002
18 24 9.6900000000000000E-002
19 9 -4.8999999999999998E-003
19 10 5.4999999999999997E-003
19 11 -9.1999999999999998E-003
19 12 -4.1000000000000003E-003
19 13 -1.4469000000000001
19 14 0.63290000000000002
19 15 -2.0522999999999998
19 16 -1.9161999999999999
19 19 -9.0199999999999996
19 21 -9.0700000000000003E-002
19 22 -3.4099999999999998E-002
19 23 -9.0200000000000002E-002
19 24 -0.12740000000000001
20 9 9.4999999999999998E-003
20 10 -1.0800000000000001E-002
20 11 -4.1000000000000003E-003
20 12 -3.2000000000000002E-003
20 13 3.6676000000000002
20 14 -1.6042000000000001
20 15 -1.9161999999999999
20 16 2.0489999999999999
20 20 -9.0199999999999996
20 21 0.25800000000000001
20 22 9.6900000000000000E-002
20 23 -0.12740000000000001
20 24 0.22739999999999999
21 9 -0.13139999999999999
21 10 7.6100000000000001E-002
21 11 -2.9999999999999997E-004
21 12 2.0899999999999998E-002
21 13 -4.7723000000000004
21 14 2.7330999999999999
21 15 -0.85029999999999994
21 16 2.8241999999999998
21 17 -0.23080000000000001
21 18 6.9000000000000006E-002
21 19 -9.0700000000000003E-002
21 20 0.25800000000000001
21 21 -18.579999999999998
21 622 -7.6753999999999998
21 623 -7.6805000000000003
22 9 -5.7900000000000000E-002
22 10 7.9200000000000007E-002
22 11 -5.0000000000000001E-004
22 12 3.3399999999999999E-002
22 13 -2.0794999999999999
22 14 1.0768000000000000
22 15 -1.1389000000000000
22 16 3.7827000000000002
22 17 -8.1299999999999997E-002
22 18 -0.10910000000000000
22 19 -3.4099999999999998E-002
22 20 9.6900000000000000E-002
22 22 -7.0899999999999999
22 622 -1.8859999999999999
22 623 6.2739000000000003
23 9 2.0000000000000001E-004
23 10 -5.0000000000000001E-004
23 11 -4.2700000000000002E-002
23 12 -1.0000000000000000E-004
23 13 0.64700000000000002
23 14 -1.1389000000000000
23 15 -2.2294999999999998
23 16 -1.1768000000000001
23 17 0.10690000000000000
23 18 -3.4099999999999998E-002
23 19 -9.0200000000000002E-002
23 20 -0.12740000000000001
23 23 -7.0899999999999999
23 622 -2.2591999999999999
23 623 0.89810000000000001
24 9 -1.5900000000000001E-002
24 10 3.3399999999999999E-002
24 11 -1.0000000000000000E-004
24 12 -3.3599999999999998E-002
24 13 -2.1488000000000000
24 14 3.7827000000000002
24 15 -1.1768000000000001
24 16 1.3249000000000000
24 17 -0.30409999999999998
24 18 9.6900000000000000E-002
24 19 -0.12740000000000001
24 20 0.22739999999999999
24 24 -7.0899999999999999
24 622 5.7365000000000004
24 623 -1.2062999999999999
25 1 -6.1899999999999997E-002
25 2 -1.9900000000000001E-002
25 3 1.3100000000000001E-002
25 4 1.4999999999999999E-002
25 5 -3.9253999999999998
25 6 -4.5791000000000004
25 7 0.55320000000000003
25 8 0.86050000000000004
25 9 -3.4700000000000002E-002
25 10 -2.8799999999999999E-002
25 11 5.4999999999999997E-003
25 12 -1.2300000000000000E-002
25 25 -13.750000000000000
25 29 -6.0136000000000003
25 30 1.6675000000000000
25 31 -3.7774000000000001
25 32 0.47639999999999999
25 33 -4.6505000000000001
25 34 1.6319999999999999
25 35 2.3597000000000001
25 36 -0.72780000000000000
25 37 -0.10050000000000001
25 38 8.1699999999999995E-002
25 39 3.8600000000000002E-002
25 40 -2.0400000000000001E-002
25 619 -0.16969999999999999
25 624 -0.35220000000000001
26 1 2.6200000000000001E-002
26 2 1.0699999999999999E-002
26 3 -2.0100000000000000E-002
26 4 -2.3099999999999999E-002
26 5 4.5791000000000004
26 6 5.5002000000000004
26 7 -0.88590000000000002
26 8 -1.3781000000000001
26 9 2.8799999999999999E-002
26 10 2.6599999999999999E-002
26 11 -7.1000000000000004E-003
26 12 1.6000000000000000E-002
26 26 -5.2800000000000002
26 29 -2.7319000000000000
26 30 -1.8335999999999999
26 31 -2.2570000000000001
26 32 0.28470000000000001
26 33 -2.1448999999999998
26 34 -0.16880000000000001
26 35 3.3574000000000002
26 36 -1.0355000000000001
26 37 -8.1699999999999995E-002
26 38 7.1900000000000006E-002
26 39 4.9000000000000002E-002
26 40 -2.5899999999999999E-002
26 619 9.2499999999999999E-002
26 624 -3.0599999999999999E-002
27 1 -1.7200000000000000E-002
27 2 -2.0100000000000000E-002
27 3 -6.7000000000000002E-003
27 4 1.5200000000000000E-002
27 5 -0.55320000000000003
27 6 -0.88590000000000002
27 7 -1.7262000000000000
27 8 0.16650000000000001
27 9 -5.4999999999999997E-003
27 10 -7.1000000000000004E-003
27 11 -9.4999999999999998E-003
27 12 -3.0000000000000001E-003
27 27 -5.2800000000000002
27 29 6.1885000000000003
27 30 -2.2570000000000001
27 31 2.2829000000000002
27 32 -0.64490000000000003
27 33 -3.1013999999999999
27 34 3.3574000000000002
27 35 2.3639000000000001
27 36 -1.4972000000000001
27 37 -3.8600000000000002E-002
27 38 4.9000000000000002E-002
27 39 -8.6000000000000000E-003
27 40 -1.2300000000000000E-002
27 619 3.9300000000000002E-002
27 624 -0.21279999999999999
28 1 -1.9699999999999999E-002
28 2 -2.3099999999999999E-002
28 3 1.5200000000000000E-002
28 4 -2.5999999999999999E-003
28 5 -0.86050000000000004
28 6 -1.3781000000000001
28 7 0.16650000000000001
28 8 -1.5742000000000000
28 9 1.2300000000000000E-002
28 10 1.6000000000000000E-002
28 11 -3.0000000000000001E-003
28 12 -4.0000000000000001E-003
28 28 -5.2800000000000002
28 29 -0.78049999999999997
28 30 0.28470000000000001
28 31 -0.64490000000000003
28 32 -2.7486000000000002
28 33 0.95650000000000002
28 34 -1.0355000000000001
28 35 -1.4972000000000001
28 36 -2.0289999999999999
28 37 2.0400000000000001E-002
28 38 -2.5899999999999999E-002
28 39 -1.2300000000000000E-002
28 40 -2.5300000000000000E-002
28 619 -3.4000000000000002E-002
28 624 4.7600000000000003E-002
29 5 -4.1399999999999999E-002
29 6 -3.9199999999999999E-002
29 7 2.5499999999999998E-002
29 8 2.8000000000000000E-003
29 25 -6.0136000000000003
29 26 -2.7319000000000000
29 27 6.1885000000000003
29 28 -0.78049999999999997
29 29 -23.960000000000001
29 33 -0.16339999999999999
29 34 2.6300000000000000E-002
29 35 0.22930000000000000
29 36 -4.9399999999999999E-002
29 655 -4.9500000000000002E-002
30 5 2.3900000000000001E-002
30 6 1.0300000000000000E-002
30 7 -1.9400000000000001E-002
30 8 -2.0999999999999999E-003
30 25 1.6675000000000000
30 26 -1.8335999999999999
30 27 -2.2570000000000001
30 28 0.28470000000000001
30 30 -9.0199999999999996
30 33 -2.2300000000000000E-002
30 34 -9.3799999999999994E-002
30 35 3.3500000000000002E-002
30 36 -7.1999999999999998E-003
30 655 -2.9200000000000000E-002
31 5 -1.5599999999999999E-002
31 6 -1.9400000000000001E-002
31 7 -6.7999999999999996E-003
31 8 1.4000000000000000E-003
31 25 -3.7774000000000001
31 26 -2.2570000000000001
31 27 2.2829000000000002
31 28 -0.64490000000000003
31 31 -9.0199999999999996
31 33 -0.19450000000000001
31 34 3.3500000000000002E-002
31 35 0.19420000000000001
31 36 -6.2899999999999998E-002
31 655 3.5299999999999998E-002
32 5 -1.6999999999999999E-003
32 6 -2.0999999999999999E-003
32 7 1.4000000000000000E-003
32 8 -1.9300000000000001E-002
32 25 0.47639999999999999
32 26 0.28470000000000001
32 27 -0.64490000000000003
32 28 -2.7486000000000002
32 32 -9.0199999999999996
32 33 4.1900000000000000E-002
32 34 -7.1999999999999998E-003
32 35 -6.2899999999999998E-002
32 36 -8.4000000000000005E-002
32 655 5.9999999999999995E-004
33 5 -0.10470000000000000
33 6 -5.6500000000000002E-002
33 7 -2.2599999999999999E-002
33 8 1.5500000000000000E-002
33 25 -4.6505000000000001
33 26 -2.1448999999999998
33 27 -3.1013999999999999
33 28 0.95650000000000002
33 29 -0.16339999999999999
33 30 -2.2300000000000000E-002
33 31 -0.19450000000000001
33 32 4.1900000000000000E-002
33 33 -18.579999999999998
33 37 -3.8187000000000002
33 38 2.9925000000000002
33 39 -6.1499999999999999E-002
33 40 -0.45090000000000002
33 41 -0.12850000000000000
33 42 6.1800000000000001E-002
33 43 4.4600000000000001E-002
33 44 -1.2200000000000001E-002
33 57 -4.8399999999999999E-002
33 58 2.5499999999999998E-002
33 59 -9.5999999999999992E-003
33 60 9.4999999999999998E-003
33 624 -7.6797000000000004
33 625 -4.2000000000000003E-002
34 5 4.2999999999999997E-002
34 6 5.0400000000000000E-002
34 7 3.3700000000000001E-002
34 8 -2.3099999999999999E-002
34 25 1.6319999999999999
34 26 -0.16880000000000001
34 27 3.3574000000000002
34 28 -1.0355000000000001
34 29 2.6300000000000000E-002
34 30 -9.3799999999999994E-002
34 31 3.3500000000000002E-002
34 32 -7.1999999999999998E-003
34 34 -7.0899999999999999
34 37 -2.2768999999999999
34 38 3.7681000000000000
34 39 -0.11620000000000000
34 40 -0.85209999999999997
34 41 -4.7000000000000000E-002
34 42 4.0399999999999998E-002
34 43 5.9299999999999999E-002
34 44 -1.6299999999999999E-002
34 57 -1.9400000000000001E-002
34 58 2.1800000000000000E-002
34 59 -1.4000000000000000E-002
34 60 1.3899999999999999E-002
34 624 3.0282000000000000
34 625 -2.8000000000000001E-002
35 5 1.7200000000000000E-002
35 6 3.3700000000000001E-002
35 7 -2.0500000000000001E-002
35 8 -9.1999999999999998E-003
35 25 2.3597000000000001
35 26 3.3574000000000002
35 27 2.3639000000000001
35 28 -1.4972000000000001
35 29 0.22930000000000000
35 30 3.3500000000000002E-002
35 31 0.19420000000000001
35 32 -6.2899999999999998E-002
35 35 -7.0899999999999999
35 37 4.6800000000000001E-002
35 38 -0.11620000000000000
35 39 -1.8842000000000001
35 40 1.7500000000000002E-002
35 41 -3.3900000000000000E-002
35 42 5.9299999999999999E-002
35 43 8.9999999999999998E-004
35 44 -1.1700000000000000E-002
35 57 7.3000000000000001E-003
35 58 -1.4000000000000000E-002
35 59 -1.0300000000000000E-002
35 60 -5.1999999999999998E-003
35 624 -5.6566000000000001
35 625 9.7000000000000003E-003
36 5 -1.1800000000000000E-002
36 6 -2.3099999999999999E-002
36 7 -9.1999999999999998E-003
36 8 -2.7600000000000000E-002
36 25 -0.72780000000000000
36 26 -1.0355000000000001
36 27 -1.4972000000000001
36 28 -2.0289999999999999
36 29 -4.9399999999999999E-002
36 30 -7.1999999999999998E-003
36 31 -6.2899999999999998E-002
36 32 -8.4000000000000005E-002
36 36 -7.0899999999999999
36 37 0.34310000000000002
36 38 -0.85209999999999997
36 39 1.7500000000000002E-002
36 40 -1.7582000000000000
36 41 9.2999999999999992E-003
36 42 -1.6299999999999999E-002
36 43 -1.1700000000000000E-002
36 44 -3.8600000000000002E-002
36 57 -7.1999999999999998E-003
36 58 1.3899999999999999E-002
36 59 -5.1999999999999998E-003
36 60 -1.0400000000000000E-002
36 624 0.66859999999999997
36 625 1.9099999999999999E-002
37 25 -0.10050000000000001
37 26 -8.1699999999999995E-002
37 27 -3.8600000000000002E-002
37 28 2.0400000000000001E-002
37 33 -3.8187000000000002
37 34 -2.2768999999999999
37 35 4.6800000000000001E-002
37 36 0.34310000000000002
37 37 -13.750000000000000
37 41 -3.8189000000000002
37 42 1.4936000000000000
37 43 4.2464000000000004
37 44 -0.49790000000000001
37 45 -4.7000000000000002E-003
37 46 2.0000000000000001E-004
37 47 4.0000000000000001E-003
37 48 1.6000000000000001E-003
37 57 -3.8614999999999999
37 58 2.3290999999999999
37 59 -2.4186000000000001
37 60 3.1353000000000000
37 61 -1.3700000000000000E-002
37 62 6.0000000000000001E-003
37 63 -6.7999999999999996E-003
37 64 2.7000000000000001E-003
37 65 -0.11660000000000000
37 66 1.2300000000000000E-002
37 67 -1.1599999999999999E-002
37 68 5.0400000000000000E-002
37 624 -8.5599999999999996E-002
37 625 -6.2358000000000002
37 626 -7.4099999999999999E-002
37 627 -0.11509999999999999
38 25 8.1699999999999995E-002
38 26 7.1900000000000006E-002
38 27 4.9000000000000002E-002
38 28 -2.5899999999999999E-002
38 33 2.9925000000000002
38 34 3.7681000000000000
38 35 -0.11620000000000000
38 36 -0.85209999999999997
38 38 -5.2800000000000002
38 41 -1.4936000000000000
38 42 -0.95740000000000003
38 43 2.2890000000000001
38 44 -0.26840000000000003
38 45 -2.0000000000000001E-004
38 46 -1.5000000000000000E-003
38 47 2.9999999999999997E-004
38 48 1.0000000000000000E-004
38 57 -2.3290999999999999
38 58 0.14240000000000000
38 59 -2.0074000000000001
38 60 2.6021999999999998
38 61 -9.9000000000000008E-003
38 62 -8.0000000000000004E-004
38 63 -6.4000000000000003E-003
38 64 2.5999999999999999E-003
38 65 -1.6100000000000000E-002
38 66 -3.1699999999999999E-002
38 67 -5.8999999999999999E-003
38 68 2.5399999999999999E-002
38 624 4.8500000000000001E-002
38 625 -0.69199999999999995
38 626 -2.5999999999999999E-003
38 627 -5.3999999999999999E-002
39 25 3.8600000000000002E-002
39 26 4.9000000000000002E-002
39 27 -8.6000000000000000E-003
39 28 -1.2300000000000000E-002
39 33 -6.1499999999999999E-002
39 34 -0.11620000000000000
39 35 -1.8842000000000001
39 36 1.7500000000000002E-002
39 39 -5.2800000000000002
39 41 -4.2464000000000004
39 42 2.2890000000000001
39 43 4.7454000000000001
39 44 -0.76300000000000001
39 45 -4.0000000000000001E-003
39 46 2.9999999999999997E-004
39 47 3.8999999999999998E-003
39 48 2.0999999999999999E-003
39 57 2.4186000000000001
39 58 -2.0074000000000001
39 59 0.29399999999999998
39 60 -2.7023000000000001
39 61 1.1100000000000000E-002
39 62 -6.4000000000000003E-003
39 63 8.0000000000000004E-004
39 64 -2.8999999999999998E-003
39 65 1.5299999999999999E-002
39 66 -5.8999999999999999E-003
39 67 -3.2300000000000002E-002
39 68 -2.4100000000000000E-002
39 624 -2.2499999999999999E-002
39 625 1.9669000000000001
39 626 -3.9699999999999999E-002
39 627 -4.7399999999999998E-002
40 25 -2.0400000000000001E-002
40 26 -2.5899999999999999E-002
40 27 -1.2300000000000000E-002
40 28 -2.5300000000000000E-002
40 33 -0.45090000000000002
40 34 -0.85209999999999997
40 35 1.7500000000000002E-002
40 36 -1.7582000000000000
40 40 -5.2800000000000002
40 41 0.49790000000000001
40 42 -0.26840000000000003
40 43 -0.76300000000000001
40 44 -1.6730000000000000
40 45 -1.6000000000000001E-003
40 46 1.0000000000000000E-004
40 47 2.0999999999999999E-003
40 48 -6.9999999999999999E-004
40 57 -3.1353000000000000
40 58 2.6021999999999998
40 59 -2.7023000000000001
40 60 1.7123999999999999
40 61 -4.4000000000000003E-003
40 62 2.5999999999999999E-003
40 63 -2.8999999999999998E-003
40 64 -5.3000000000000000E-003
40 65 -6.6299999999999998E-002
40 66 2.5399999999999999E-002
40 67 -2.4100000000000000E-002
40 68 6.6500000000000004E-002
40 624 -3.0000000000000001E-003
40 625 3.2927000000000000
40 626 2.3699999999999999E-002
40 627 4.5999999999999999E-003
41 33 -0.12850000000000000
41 34 -4.7000000000000000E-002
41 35 -3.3900000000000000E-002
41 36 9.2999999999999992E-003
41 37 -3.8189000000000002
41 38 -1.4936000000000000
41 39 -4.2464000000000004
41 40 0.49790000000000001
41 41 -13.750000000000000
41 45 -3.7930999999999999
41 46 -1.1287000000000000
41 47 2.8940999999999999
41 48 3.2414000000000001
41 49 -3.6499999999999998E-002
41 50 1.0500000000000001E-002
41 51 1.7700000000000000E-002
41 52 2.6400000000000000E-002
41 53 -4.8500000000000001E-002
41 54 -1.6500000000000001E-002
41 55 4.0300000000000002E-002
41 56 9.4999999999999998E-003
41 57 -2.1399999999999999E-002
41 58 2.0000000000000000E-003
41 59 -1.7100000000000001E-002
41 60 9.2999999999999992E-003
41 625 -5.8700000000000002E-002
41 626 -6.2397000000000000
41 627 -6.2389000000000001
41 628 -0.10230000000000000
42 33 6.1800000000000001E-002
42 34 4.0399999999999998E-002
42 35 5.9299999999999999E-002
42 36 -1.6299999999999999E-002
42 37 1.4936000000000000
42 38 -0.95740000000000003
42 39 2.2890000000000001
42 40 -0.26840000000000003
42 42 -5.2800000000000002
42 45 1.1287000000000000
42 46 -1.2821000000000000
42 47 -1.1880999999999999
42 48 -1.3306000000000000
42 49 -1.0500000000000001E-002
42 50 -6.7000000000000002E-003
42 51 7.9000000000000008E-003
42 52 1.1900000000000001E-002
42 53 1.6500000000000001E-002
42 54 -6.4999999999999997E-003
42 55 -2.1399999999999999E-002
42 56 -5.0000000000000001E-003
42 57 -2.0000000000000000E-003
42 58 -6.4000000000000003E-003
42 59 -2.5999999999999999E-003
42 60 1.4000000000000000E-003
42 625 5.4999999999999997E-003
42 626 1.4148000000000001
42 627 -3.8898000000000001
42 628 3.4599999999999999E-002
43 33 4.4600000000000001E-002
43 34 5.9299999999999999E-002
43 35 8.9999999999999998E-004
43 36 -1.1700000000000000E-002
43 37 4.2464000000000004
43 38 2.2890000000000001
43 39 4.7454000000000001
43 40 -0.76300000000000001
43 43 -5.2800000000000002
43 45 -2.8940999999999999
43 46 -1.1880999999999999
43 47 1.3008999999999999
43 48 3.4119000000000002
43 49 -1.7700000000000000E-002
43 50 7.9000000000000008E-003
43 51 1.9000000000000000E-003
43 52 2.0000000000000000E-002
43 53 -4.0300000000000002E-002
43 54 -2.1399999999999999E-002
43 55 3.7100000000000001E-002
43 56 1.2300000000000000E-002
43 57 1.7100000000000001E-002
43 58 -2.5999999999999999E-003
43 59 1.4800000000000001E-002
43 60 -1.1599999999999999E-002
43 625 3.4000000000000002E-002
43 626 -1.3710000000000000
43 627 0.24060000000000001
43 628 -1.5400000000000000E-002
44 33 -1.2200000000000001E-002
44 34 -1.6299999999999999E-002
44 35 -1.1700000000000000E-002
44 36 -3.8600000000000002E-002
44 37 -0.49790000000000001
44 38 -0.26840000000000003
44 39 -0.76300000000000001
44 40 -1.6730000000000000
44 44 -5.2800000000000002
44 45 -3.2414000000000001
44 46 -1.3306000000000000
44 47 3.4119000000000002
44 48 2.0758999999999999
44 49 -2.6400000000000000E-002
44 50 1.1900000000000001E-002
44 51 2.0000000000000000E-002
44 52 1.8499999999999999E-002
44 53 -9.4999999999999998E-003
44 54 -5.0000000000000001E-003
44 55 1.2300000000000000E-002
44 56 -1.2300000000000000E-002
44 57 -9.2999999999999992E-003
44 58 1.4000000000000000E-003
44 59 -1.1599999999999999E-002
44 60 -4.0000000000000002E-004
44 625 1.2600000000000000E-002
44 626 3.3656000000000001
44 627 -0.12759999999999999
44 628 -5.1499999999999997E-002
45 37 -4.7000000000000002E-003
45 38 -2.0000000000000001E-004
45 39 -4.0000000000000001E-003
45 40 -1.6000000000000001E-003
45 41 -3.7930999999999999
45 42 1.1287000000000000
45 43 -2.8940999999999999
45 44 -3.2414000000000001
45 45 -13.750000000000000
45 49 -3.8938999999999999
45 50 3.6057999999999999
45 51 1.0605000000000000
45 52 2.7269999999999999
45 53 -3.9289999999999998
45 54 -1.6930000000000001
45 55 4.0015999999999998
45 56 -1.7853000000000001
45 626 -6.8599999999999994E-002
45 627 -0.10920000000000001
45 628 -6.2373000000000003
45 629 -6.2799999999999995E-002
45 630 -6.2500000000000000E-002
45 631 -6.3100000000000003E-002
45 632 -6.9300000000000000E-002
45 633 -6.9199999999999998E-002
45 634 -6.8300000000000000E-002
46 37 2.0000000000000001E-004
46 38 -1.5000000000000000E-003
46 39 2.9999999999999997E-004
46 40 1.0000000000000000E-004
46 41 -1.1287000000000000
46 42 -1.2821000000000000
46 43 -1.1880999999999999
46 44 -1.3306000000000000
46 46 -5.2800000000000002
46 49 -3.6057999999999999
46 50 2.7770000000000001
46 51 1.3498000000000001
46 52 3.4708000000000001
46 53 1.6930000000000001
46 54 -0.83420000000000005
46 55 -2.3668999999999998
46 56 1.0560000000000000
46 627 -4.7199999999999999E-002
46 628 2.7439000000000000
46 629 -3.5600000000000000E-002
46 630 -2.9100000000000001E-002
46 631 -1.5900000000000001E-002
46 632 -4.3000000000000000E-003
46 633 1.7299999999999999E-002
46 634 2.7799999999999998E-002
47 37 4.0000000000000001E-003
47 38 2.9999999999999997E-004
47 39 3.8999999999999998E-003
47 40 2.0999999999999999E-003
47 41 2.8940999999999999
47 42 -1.1880999999999999
47 43 1.3008999999999999
47 44 3.4119000000000002
47 47 -5.2800000000000002
47 49 -1.0605000000000000
47 50 1.3498000000000001
47 51 -1.4152000000000000
47 52 1.0207999999999999
47 53 -4.0015999999999998
47 54 -2.3668999999999998
47 55 3.7589000000000001
47 56 -2.4960000000000000
47 626 1.2500000000000001E-002
47 627 3.4500000000000003E-002
47 628 1.7891999999999999
47 629 -1.5400000000000000E-002
47 630 1.0000000000000000E-002
47 631 -1.8400000000000000E-002
47 632 -3.6200000000000003E-002
47 633 -3.9399999999999998E-002
47 634 -2.1700000000000001E-002
48 37 1.6000000000000001E-003
48 38 1.0000000000000000E-004
48 39 2.0999999999999999E-003
48 40 -6.9999999999999999E-004
48 41 3.2414000000000001
48 42 -1.3306000000000000
48 43 3.4119000000000002
48 44 2.0758999999999999
48 48 -5.2800000000000002
48 49 -2.7269999999999999
48 50 3.4708000000000001
48 51 1.0207999999999999
48 52 0.81279999999999997
48 53 1.7853000000000001
48 54 1.0560000000000000
48 55 -2.4960000000000000
48 56 -0.72199999999999998
48 626 4.1000000000000002E-002
48 627 3.5200000000000002E-002
48 628 -2.1135000000000002
48 629 -5.8999999999999999E-003
48 630 -2.4100000000000000E-002
48 631 -3.1099999999999999E-002
48 632 2.3500000000000000E-002
48 633 -4.4000000000000003E-003
48 634 2.4100000000000000E-002
49 41 -3.6499999999999998E-002
49 42 -1.0500000000000001E-002
49 43 -1.7700000000000000E-002
49 44 -2.6400000000000000E-002
49 45 -3.8938999999999999
49 46 -3.6057999999999999
49 47 -1.0605000000000000
49 48 -2.7269999999999999
49 49 -13.750000000000000
49 53 -0.13039999999999999
49 54 -8.4699999999999998E-002
49 55 4.6300000000000001E-002
49 56 -7.2099999999999997E-002
49 628 -6.2799999999999995E-002
49 629 -6.2373000000000003
49 630 -6.2385999999999999
49 631 -6.2403000000000004
50 41 1.0500000000000001E-002
50 42 -6.7000000000000002E-003
50 43 7.9000000000000008E-003
50 44 1.1900000000000001E-002
50 45 3.6057999999999999
50 46 2.7770000000000001
50 47 1.3498000000000001
50 48 3.4708000000000001
50 50 -5.2800000000000002
50 53 8.4699999999999998E-002
50 54 4.4499999999999998E-002
50 55 -4.6800000000000001E-002
50 56 7.2999999999999995E-002
50 628 3.5600000000000000E-002
50 629 -2.7439000000000000
50 630 -1.4690000000000001
50 631 1.1889000000000001
51 41 1.7700000000000000E-002
51 42 7.9000000000000008E-003
51 43 1.9000000000000000E-003
51 44 2.0000000000000000E-002
51 45 1.0605000000000000
51 46 1.3498000000000001
51 47 -1.4152000000000000
51 48 1.0207999999999999
51 51 -5.2800000000000002
51 53 -4.6300000000000001E-002
51 54 -4.6800000000000001E-002
51 55 -1.5699999999999999E-002
51 56 -3.9800000000000002E-002
51 628 1.5400000000000000E-002
51 629 -1.7891999999999999
51 630 3.2660999999999998
51 631 -2.3668000000000000
52 41 2.6400000000000000E-002
52 42 1.1900000000000001E-002
52 43 2.0000000000000000E-002
52 44 1.8499999999999999E-002
52 45 2.7269999999999999
52 46 3.4708000000000001
52 47 1.0207999999999999
52 48 0.81279999999999997
52 52 -5.2800000000000002
52 53 7.2099999999999997E-002
52 54 7.2999999999999995E-002
52 55 -3.9800000000000002E-002
52 56 2.0799999999999999E-002
52 628 5.8999999999999999E-003
52 629 2.1135000000000002
52 630 -1.5419000000000000
52 631 -2.8628000000000000
53 41 -4.8500000000000001E-002
53 42 1.6500000000000001E-002
53 43 -4.0300000000000002E-002
53 44 -9.4999999999999998E-003
53 45 -3.9289999999999998
53 46 1.6930000000000001
53 47 -4.0015999999999998
53 48 1.7853000000000001
53 49 -0.13039999999999999
53 50 8.4699999999999998E-002
53 51 -4.6300000000000001E-002
53 52 7.2099999999999997E-002
53 53 -13.750000000000000
53 628 -6.0400000000000002E-002
53 632 -6.2390999999999996
53 633 -6.2382000000000000
53 634 -6.2324000000000002
54 41 -1.6500000000000001E-002
54 42 -6.4999999999999997E-003
54 43 -2.1399999999999999E-002
54 44 -5.0000000000000001E-003
54 45 -1.6930000000000001
54 46 -0.83420000000000005
54 47 -2.3668999999999998
54 48 1.0560000000000000
54 49 -8.4699999999999998E-002
54 50 4.4499999999999998E-002
54 51 -4.6800000000000001E-002
54 52 7.2999999999999995E-002
54 54 -5.2800000000000002
54 628 3.5999999999999999E-003
54 632 -2.7707999999999999
54 633 1.1116999999999999
54 634 3.0604000000000000
55 41 4.0300000000000002E-002
55 42 -2.1399999999999999E-002
55 43 3.7100000000000001E-002
55 44 1.2300000000000000E-002
55 45 4.0015999999999998
55 46 -2.3668999999999998
55 47 3.7589000000000001
55 48 -2.4960000000000000
55 49 4.6300000000000001E-002
55 50 -4.6800000000000001E-002
55 51 -1.5699999999999999E-002
55 52 -3.9800000000000002E-002
55 55 -5.2800000000000002
55 628 3.1500000000000000E-002
55 632 -1.7573000000000001
55 633 -2.3509000000000002
55 634 0.78600000000000003
56 41 9.4999999999999998E-003
56 42 -5.0000000000000001E-003
56 43 1.2300000000000000E-002
56 44 -1.2300000000000000E-002
56 45 -1.7853000000000001
56 46 1.0560000000000000
56 47 -2.4960000000000000
56 48 -0.72199999999999998
56 49 -7.2099999999999997E-002
56 50 7.2999999999999995E-002
56 51 -3.9800000000000002E-002
56 52 2.0799999999999999E-002
56 56 -5.2800000000000002
56 628 -2.0400000000000001E-002
56 632 2.1073000000000000
56 633 -2.9049000000000000
56 634 2.2780000000000000
57 33 -4.8399999999999999E-002
57 34 -1.9400000000000001E-002
57 35 7.3000000000000001E-003
57 36 -7.1999999999999998E-003
57 37 -3.8614999999999999
57 38 -2.3290999999999999
57 39 2.4186000000000001
57 40 -3.1353000000000000
57 41 -2.1399999999999999E-002
57 42 -2.0000000000000000E-003
57 43 1.7100000000000001E-002
57 44 -9.2999999999999992E-003
57 57 -13.750000000000000
57 61 -5.8174000000000001
57 62 2.4312999999999998
57 63 -2.9823000000000000
57 64 -1.1670000000000000
57 65 -4.7013999999999996
57 66 -0.47230000000000000
57 67 0.60719999999999996
57 68 2.9011999999999998
57 69 -0.14680000000000001
57 70 2.4799999999999999E-002
57 71 -2.4799999999999999E-002
57 72 0.13120000000000001
57 625 -0.19789999999999999
57 635 -0.35420000000000001
58 33 2.5499999999999998E-002
58 34 2.1800000000000000E-002
58 35 -1.4000000000000000E-002
58 36 1.3899999999999999E-002
58 37 2.3290999999999999
58 38 0.14240000000000000
58 39 -2.0074000000000001
58 40 2.6021999999999998
58 41 2.0000000000000000E-003
58 42 -6.4000000000000003E-003
58 43 -2.5999999999999999E-003
58 44 1.4000000000000000E-003
58 58 -5.2800000000000002
58 61 -3.9830999999999999
58 62 -0.54810000000000003
58 63 -2.6858000000000000
58 64 -1.0509999999999999
58 65 0.62070000000000003
58 66 -2.3374000000000001
58 67 -0.24690000000000001
58 68 -1.1798000000000000
58 69 -2.4799999999999999E-002
58 70 -4.0099999999999997E-002
58 71 -6.4999999999999997E-003
58 72 3.4500000000000003E-002
58 625 3.5400000000000001E-002
58 635 9.3100000000000002E-002
59 33 -9.5999999999999992E-003
59 34 -1.4000000000000000E-002
59 35 -1.0300000000000000E-002
59 36 -5.1999999999999998E-003
59 37 -2.4186000000000001
59 38 -2.0074000000000001
59 39 0.29399999999999998
59 40 -2.7023000000000001
59 41 -1.7100000000000001E-002
59 42 -2.5999999999999999E-003
59 43 1.4800000000000001E-002
59 44 -1.1599999999999999E-002
59 59 -5.2800000000000002
59 61 4.8860000000000001
59 62 -2.6858000000000000
59 63 0.55700000000000005
59 64 1.2891999999999999
59 65 -0.79810000000000003
59 66 -0.24690000000000001
59 67 -2.2120000000000002
59 68 1.5168999999999999
59 69 2.4799999999999999E-002
59 70 -6.4999999999999997E-003
59 71 -4.0099999999999997E-002
59 72 -3.4500000000000003E-002
59 625 -1.6199999999999999E-002
59 635 -0.10960000000000000
60 33 9.4999999999999998E-003
60 34 1.3899999999999999E-002
60 35 -5.1999999999999998E-003
60 36 -1.0400000000000000E-002
60 37 3.1353000000000000
60 38 2.6021999999999998
60 39 -2.7023000000000001
60 40 1.7123999999999999
60 41 9.2999999999999992E-003
60 42 1.4000000000000000E-003
60 43 -1.1599999999999999E-002
60 44 -4.0000000000000002E-004
60 60 -5.2800000000000002
60 61 1.9118999999999999
60 62 -1.0509999999999999
60 63 1.2891999999999999
60 64 -2.2330999999999999
60 65 -3.8130000000000002
60 66 -1.1798000000000000
60 67 1.5168999999999999
60 68 4.7180999999999997
60 69 -0.13120000000000001
60 70 3.4500000000000003E-002
60 71 -3.4500000000000003E-002
60 72 0.13610000000000000
60 625 0.11740000000000000
60 635 -0.16830000000000001
61 37 -1.3700000000000000E-002
61 38 -9.9000000000000008E-003
61 39 1.1100000000000000E-002
61 40 -4.4000000000000003E-003
61 57 -5.8174000000000001
61 58 -3.9830999999999999
61 59 4.8860000000000001
61 60 1.9118999999999999
61 61 -23.960000000000001
61 65 -0.15429999999999999
